341
895
516
981
418
658
763
27
280
658
266
198
540
94
396
735
321
1000
85
516
93
413
749
164
505
893
763
866
97
544
134
629
886
763
481
643
817
923
71
811
738
311
724
487
95
723
594
964
812
250
432
259
876
974
736
312
7
464
319
798
415
204
213
364
40
347
501
270
881
467
608
65
972
311
860
170
327
904
574
973
687
740
796
295
258
209
857
928
662
868
272
262
263
616
166
874
637
361
324
383
429
313
167
789
29
581
438
954
529
386
159
927
184
809
457
290
177
686
192
786
819
917
928
65
455
245
679
515
251
244
43
770
708
118
776
698
257
685
602
361
492
783
80
694
671
248
631
413
903
473
412
992
53
571
595
343
744
75
733
258
39
170
337
517
265
470
472
27
218
406
181
321
447
446
808
218
624
435
834
490
49
564
678
927
205
644
15
280
888
596
564
181
852
323
966
292
90
432
329
601
855
576
251
18
262
564
645
150
855
733
503
412
825
545
791
436
673
756
44
81
976
39
874
225
584
406
513
877
996
346
728
142
906
156
931
981
888
528
59
720
989
128
866
796
554
522
595
262
951
539
584
191
995
860
294
191
771
409
375
946
251
876
883
839
569
560
448
436
55
544
271
866
190
123
55
886
424
294
618
742
421
87
759
762
656
475
94
995
450
631
13
106
467
310
615
157
418
241
436
893
222
487
93
605
143
874
477
716
501
771
981
736
389
666
354
373
462
249
149
166
260
939
438
169
728
101
379
902
566
516
495
994
766
18
15
666
275
592
434
514
985
653
541
823
380
665
485
5
30
728
147
599
788
291
958
691
979
673
536
535
82
646
996
611
435
939
538
361
239
172
989
359
722
349
293
737
673
800
541
255
661
124
52
555
182
499
168
755
654
465
877
735
655
164
136
184
42
808
767
711
637
95
83
92
959
150
18
54
96
567
354
806
166
54
818
911
995
245
199
996
568
227
397
210
511
457
245
321
411
796
245
825
1
565
906
468
357
655
184
134
63
949
640
151
930
521
346
663
292
352
204
891
41
572
325
766
575
593
339
641
572
798
36
524
16
900
513
566
246
439
94
305
864
368
669
558
242
152
703
675
2
295
108
287
289
771
389
616
887
399
929
867
210
793
72
217
4
175
693
447
135
979
286
304
206
890
205
293
857
683
576
682
517
971
594
184
56
800
349
944
268
792
75
174
360
457
727
27
645
114
87
59
472
828
185
968
3
680
682
90
824
693
991
540
550
717
352
769
495
642
766
720
236
360
692
783
353
21
666
166
957
231
557
396
652
33
995
166
417
702
633
865
557
592
270
727
234
572
571
694
307
830
30
763
167
185
104
802
11
382
924
565
527
221
803
905
275
815
858
994
144
678
375
693
150
853
245
92
476
797
679
614
120
249
631
54
715
929
854
327
98
460
244
745
983
602
232
142
655
485
247
209
959
290
939
26
956
501
721
860
558
640
340
965
125
181
687
300
474
157
753
780
11
816
670
946
724
606
76
681
582
619
615
920
505
634
247
157
405
844
185
880
991
354
696
997
959
604
715
745
892
921
192
509
729
506
373
502
898
325
757
268
325
483
299
526
329
924
546
949
74
462
769
127
617
463
858
57
839
740
658
239
441
587
695
631
8
193
750
465
630
94
513
235
894
705
668
903
178
447
87
797
10
443
464
452
963
279
653
120
948
852
157
546
26
914
725
125
830
507
752
488
497
142
257
147
551
197
518
844
533
767
57
851
301
864
579
587
839
667
613
574
65
293
79
910
653
382
737
180
94
658
473
940
259
475
702
720
565
325
727
749
404
177
761
485
899
529
456
387
197
63
221
248
450
802
287
869
346
775
489
786
568
291
991
293
833
26
726
971
223
340
152
557
369
405
46
19
685
955
428
342
227
741
406
700
980
54
669
315
308
6
594
583
83
603
450
740
523
38
990
627
85
41
778
945
861
570
991
684
799
607
33
321
717
328
278
741
531
458
408
812
338
197
325
952
978
698
398
74
497
714
807
783
499
705
119
755
712
381
830
848
206
381
478
573
646
572
133
227
610
202
508
158
498
10
674
360
798
200
377
817
513
102
261
809
357
259
864
691
940
597
137
478
517
344
347
982
46
357
686
82
243
553
573
197
23
225
655
958
240
112
755
588
900
240
574
509
101
697
782
254
792
725
255
868
63
714
566
565
99
974
568
588
106
406
822
883
492
567
861
423
349
928
818
739
781
547
723
522
984
762
867
930
29
979
978
602
214
99
612
223
491
630
71
911
908
78
372
595
238
788
267
52
963
991
101
222
556
464
312
987
582
859
738
632
473
482
479
777
952
982
979
743
14
222
139
886
28
360
758
699
16
997
290
110
412
107
981
720
623
346
687
447
548
238
290
382
792
722
494
474
692
455
885
48
419
349
612
52
395
812
709
362
917
235
92
422
463
401
512
23
361
603
303
3
621
409
592
257
542
252
749
473
350
204
238
699
520
582
716
929
624
314
172
614
533
306
136
218
515
430
508
651
355
94
345
728
888
817
37
571
454
647
645
227
671
747
847
647
542
976
813
552
402
858
586
665
373
859
991
228
47
543
885
733
875
765
598
317
291
766
741
318
980
710
184
80
793
916
880
229
731
841
387
256
117
602
407
465
527
713
389
28
316
491
246
131
602
542
558
1000
386
593
193
859
78
921
155
739
73
598
583
426
197
756
291
704
743
167
882
520
581
436
530
633
296
288
717
818
605
476
807
697
352
86
155
858
252
146
557
989
158
710
236
359
26
839
239
173
976
179
74
951
782
179
639
343
885
320
36
501
571
129
629
422
247
164
810
477
848
588
290
667
304
447
368
42
626
258
552
84
619
76
135
815
455
750
768
836
341
706
888
499
282
217
877
948
523
792
161
805
585
993
76
879
949
757
215
380
333
2
146
783
209
147
834
662
665
945
855
515
986
909
491
869
340
507
92
705
778
159
683
556
352
102
645
473
532
81
440
425
261
897
779
578
908
837
325
350
133
126
30
100
147
598
438
783
148
950
872
947
770
101
220
1000
245
357
164
754
570
341
85
874
407
871
542
15
634
289
179
111
405
54
168
477
357
752
778
150
133
79
489
148
672
770
134
158
860
855
918
460
971
169
790
820
1
471
604
416
444
146
652
862
258
963
697
788
797
27
355
496
230
650
757
671
583
561
709
233
828
551
241
975
612
395
253
752
111
633
206
658
168
598
214
768
376
893
651
778
993
365
398
89
604
530
151
666
287
283
793
307
609
713
696
803
159
786
939
811
495
693
900
205
294
678
320
58
257
265
980
389
767
851
352
313
629
841
175
231
259
581
706
272
530
625
506
286
136
26
46
282
701
656
45
392
102
812
438
87
380
714
101
607
425
828
969
298
118
351
981
820
928
610
379
23
79
542
235
576
245
953
716
355
424
715
551
955
46
615
318
648
622
168
707
553
212
252
646
790
796
119
235
899
183
958
766
894
439
895
718
851
945
47
496
118
104
14
871
816
389
941
522
539
923
174
819
831
3
308
7
283
33
381
235
853
132
819
481
348
281
742
242
789
265
163
48
813
782
667
243
113
86
179
197
373
196
478
99
121
249
267
745
392
816
693
285
144
110
415
706
915
806
478
976
283
877
514
116
335
200
25
186
483
918
802
97
644
500
858
394
24
176
596
706
479
981
327
303
718
941
668
338
381
32
781
654
414
423
912
732
982
155
187
241
596
878
163
859
40
449
198
555
155
231
321
226
530
687
908
700
661
443
126
386
226
335
822
502
672
78
249
684
458
103
776
962
932
801
547
529
3
878
819
481
494
776
635
720
280
147
306
490
108
191
132
624
310
240
719
422
421
378
233
223
124
7
948
167
819
250
463
332
548
760
58
433
972
35
758
516
588
602
780
661
401
520
251
488
818
460
237
420
623
286
377
26
496
444
661
421
713
650
196
702
325
371
100
583
323
293
51
945
67
553
367
796
491
790
938
225
441
184
746
290
805
518
227
410
999
955
193
788
730
672
605
553
928
703
52
828
174
340
372
675
956
232
527
935
604
890
465
297
819
624
424
541
281
112
856
792
968
649
905
818
427
863
169
803
463
129
274
836
391
166
687
299
245
338
30
699
139
999
93
25
228
796
711
579
620
248
591
402
896
56
264
793
836
537
284
151
362
321
961
358
676
909
936
173
58
6
101
657
831
595
493
488
520
566
11
139
367
322
7
244
940
225
101
220
748
901
815
97
444
413
968
783
409
53
133
503
271
40
810
939
158
714
420
680
309
940
651
964
10
266
154
307
665
84
136
575
241
444
889
224
227
414
893
942
743
871
737
679
391
389
715
111
994
456
637
900
411
599
80
737
204
118
47
30
53
36
738
292
464
569
945
713
497
878
401
164
952
123
255
865
683
876
754
291
522
747
84
408
533
696
326
260
238
846
402
11
746
815
946
12
670
478
34
126
117
815
807
581
19
1
106
835
546
171
382
514
386
348
308
320
209
890
700
886
754
417
619
972
554
588
734
71
498
303
364
423
91
857
907
688
488
328
730
58
137
24
970
355
102
109
126
763
992
640
748
199
720
120
17
965
202
305
525
249
506
492
96
243
878
674
50
142
555
2
947
39
248
740
439
793
714
484
559
267
890
744
459
946
646
136
322
842
331
307
965
756
949
444
398
424
957
639
475
823
413
692
573
902
433
906
157
333
701
286
995
421
56
127
714
216
55
359
402
961
750
173
929
480
818
388
737
778
639
740
884
136
846
786
272
229
382
369
80
369
132
697
617
768
723
883
994
870
206
470
247
148
938
826
799
479
116
523
431
118
130
751
275
570
76
585
673
147
549
465
140
809
79
527
75
958
397
567
333
224
58
254
214
914
793
882
971
726
395
397
442
530
844
640
18
501
856
754
728
663
26
494
891
937
268
721
410
145
295
730
521
980
493
175
503
910
632
258
627
97
533
543
432
897
970
240
189
250
816
12
322
252
671
450
397
535
990
120
223
635
29
713
562
402
786
197
897
646
448
19
750
620
773
363
49
676
280
160
142
386
55
81
133
696
483
997
376
248
257
470
103
789
549
687
372
753
325
851
749
446
402
484
391
964
998
259
488
920
200
953
345
282
991
886
744
168
227
696
592
207
209
678
295
173
330
939
737
971
577
562
212
665
582
578
186
186
270
21
278
553
114
530
455
924
448
994
3
570
310
486
493
891
774
323
626
951
811
418
517
602
313
217
730
150
999
433
120
720
607
457
336
895
935
822
648
963
8
316
630
119
912
406
107
249
569
415
678
542
81
520
100
978
73
988
768
948
840
241
547
622
18
281
263
436
916
700
198
23
603
52
84
185
353
577
181
70
63
401
207
514
823
130
104
653
892
400
802
274
969
360
456
65
783
241
892
862
713
138
308
254
358
885
668
380
727
428
573
596
984
430
823
736
495
914
335
77
260
657
552
719
677
659
986
78
989
508
86
326
700
627
185
142
689
432
888
890
774
175
894
392
971
853
903
779
774
856
986
531
352
210
467
712
684
130
191
545
308
307
784
975
528
841
374
558
643
933
72
65
5
546
399
469
487
989
774
559
244
47
96
308
491
580
463
234
390
732
64
442
32
803
303
723
947
551
333
70
500
206
218
256
83
757
131
644
974
132
130
245
332
731
251
140
870
426
905
777
373
499
793
334
354
231
883
279
859
792
266
498
610
836
116
901
444
748
308
164
260
806
704
402
497
589
540
881
523
872
843
559
147
891
289
117
901
285
483
414
640
278
197
716
492
624
701
863
175
650
969
573
216
280
195
392
672
281
757
441
540
74
500
984
154
395
941
11
515
746
833
494
700
64
303
708
179
287
666
15
139
520
863
829
663
322
438
25
946
237
858
958
544
41
5
354
22
381
643
804
287
372
729
249
296
464
495
878
811
397
322
79
352
314
592
672
531
210
828
459
510
696
662
238
404
709
378
833
62
200
53
344
837
25
584
799
597
215
239
603
481
582
708
711
610
117
1
244
265
989
993
344
840
998
806
429
209
261
768
654
23
541
115
283
848
62
220
927
995
893
644
36
327
972
951
840
361
622
823
956
482
983
714
227
137
119
952
957
485
697
934
587
86
29
821
70
850
961
922
607
673
575
788
168
881
895
880
253
837
853
565
606
880
549
103
202
16
467
236
700
668
659
986
647
124
83
232
196
245
213
733
774
414
758
293
126
660
822
880
434
424
146
656
747
391
92
20
804
444
920
977
427
818
497
364
57
194
13
740
680
599
450
2
351
664
521
161
736
14
564
7
648
291
375
833
306
593
318
753
161
928
114
627
470
596
595
80
459
297
377
589
824
167
829
182
524
853
944
847
324
218
720
347
281
266
430
787
454
364
745
932
396
956
984
979
661
478
939
197
379
370
580
638
195
678
670
877
265
947
767
594
771
818
370
627
424
961
947
51
717
793
463
711
274
681
556
618
511
228
941
570
934
543
730
380
874
366
335
142
105
272
311
5
824
224
24
73
713
150
280
144
353
331
141
182
101
865
986
626
639
616
509
826
799
640
737
210
949
254
364
30
162
572
637
880
646
558
818
525
413
392
734
962
966
206
287
57
874
63
848
537
455
388
366
604
415
924
669
935
255
686
861
387
413
322
969
289
626
747
958
792
758
909
39
419
372
72
757
581
681
61
678
539
88
487
627
37
452
107
350
547
371
107
122
906
218
294
351
903
429
866
420
265
533
710
79
341
723
923
512
714
350
570
759
933
569
521
615
491
524
592
218
240
862
98
525
417
98
370
567
573
310
736
891
779
917
971
870
602
868
248
627
549
347
160
165
829
262
484
933
546
145
981
424
671
769
656
660
442
755
605
304
162
660
765
973
720
566
656
787
523
978
435
552
984
928
447
52
108
542
724
788
235
946
821
186
481
356
727
713
988
347
538
568
619
821
48
622
386
951
397
39
507
409
435
620
649
538
537
192
622
727
165
561
525
136
610
389
61
104
990
101
600
15
762
349
311
134
706
846
601
944
618
403
935
824
661
804
73
458
710
770
649
260
775
626
58
209
42
442
566
948
887
357
650
658
729
534
603
250
485
655
570
657
910
194
307
558
153
727
114
707
359
419
596
137
288
427
132
916
512
376
186
778
903
260
896
952
822
76
685
683
596
254
994
527
660
498
630
239
980
922
626
190
182
513
956
592
170
791
940
465
867
200
660
176
107
222
271
629
661
405
651
615
815
489
426
653
925
647
64
653
900
338
383
96
615
706
509
21
842
507
50
992
405
501
40
413
922
921
935
1
672
95
831
955
827
546
885
384
557
947
812
864
264
103
256
554
525
722
776
170
148
143
146
269
127
298
715
689
168
184
571
735
896
781
367
642
815
893
716
156
581
656
260
584
179
526
630
523
147
395
728
560
76
119
10
667
239
145
668
630
338
121
936
872
58
319
43
199
313
480
697
577
821
211
373
788
908
365
79
947
269
959
734
170
726
27
758
366
901
482
3
28
132
511
655
110
874
206
365
545
295
186
403
766
774
705
331
583
533
326
292
157
679
588
768
369
532
203
327
820
228
238
701
835
240
430
271
320
620
241
889
43
519
511
816
939
737
617
424
327
859
830
242
512
843
187
862
93
729
550
206
466
545
684
646
407
372
143
542
328
942
443
801
810
128
525
182
245
184
786
193
997
574
17
608
306
853
431
814
279
75
606
428
689
881
536
884
996
544
232
989
934
921
216
746
274
489
66
126
857
390
642
821
806
653
5
452
915
609
55
135
545
820
866
799
31
726
306
147
493
606
980
695
187
386
762
904
975
290
181
8
302
311
681
777
73
17
403
141
194
259
394
260
120
926
357
388
654
30
906
611
425
26
7
351
913
477
748
327
625
882
828
538
54
702
194
704
340
440
64
516
132
889
175
997
24
536
454
258
51
453
499
921
191
923
153
556
486
462
217
508
411
880
819
631
369
504
242
562
739
707
97
318
744
461
553
235
499
693
955
456
11
867
604
453
562
350
612
363
852
793
761
217
550
1000
18
523
369
458
888
20
614
20
127
861
227
1
406
895
691
312
401
244
828
107
446
830
419
822
314
76
807
428
929
579
101
159
786
125
385
991
671
100
385
654
798
954
356
36
870
136
581
399
646
589
763
971
559
691
752
103
562
302
519
388
892
401
10
820
677
641
537
337
335
62
669
870
541
74
135
287
133
809
163
520
681
893
757
472
642
706
897
236
913
245
302
575
365
753
426
581
386
421
578
914
805
553
645
63
575
789
694
600
474
160
876
519
704
983
394
340
654
846
31
825
313
253
640
832
762
796
250
26
943
76
974
950
417
994
676
179
167
430
442
144
553
786
285
493
441
345
108
769
176
893
920
569
481
622
464
258
622
863
943
818
162
836
247
357
394
222
175
365
146
14
463
842
947
836
12
5
716
606
653
423
5
213
904
40
541
636
676
773
264
783
584
41
335
163
555
861
573
385
724
879
654
421
167
60
949
467
916
561
277
274
805
684
13
768
146
722
908
870
919
927
709
469
169
799
180
607
538
376
384
79
440
247
163
808
189
551
598
551
523
323
860
723
335
153
245
387
125
286
422
738
608
969
841
738
174
56
36
921
396
629
76
742
596
672
725
292
541
638
977
623
708
83
517
425
210
401
273
280
375
128
729
286
200
158
824
395
356
736
310
419
232
36
197
297
489
686
488
864
7
655
749
89
626
479
185
436
63
972
801
802
483
147
918
246
718
324
767
561
813
63
172
586
635
830
318
38
556
66
454
569
794
633
947
681
890
472
505
136
900
633
515
476
329
782
402
330
529
685
639
253
282
158
504
940
521
436
14
781
742
980
481
923
433
243
15
157
5
55
897
209
67
872
183
254
580
288
54
778
366
911
431
212
703
884
92
139
216
96
88
245
122
405
552
590
928
980
99
260
46
233
879
879
455
653
14
36
433
273
590
158
603
433
579
980
21
939
79
348
794
745
53
702
766
776
275
304
154
604
586
917
591
237
637
400
969
415
256
437
611
478
202
411
778
10
617
236
241
205
653
840
665
138
855
864
857
898
646
40
507
828
891
699
899
993
852
784
233
324
48
802
600
813
443
153
370
544
105
367
735
335
1
866
412
228
854
25
61
103
59
438
804
255
505
519
343
846
763
795
559
774
527
475
148
632
360
219
821
137
783
301
797
606
498
758
877
787
49
457
142
655
561
476
431
568
276
591
90
528
496
174
153
136
176
311
7
271
878
459
812
413
994
588
448
9
161
292
497
285
559
44
836
407
362
394
744
970
955
630
30
374
630
136
582
760
428
448
923
831
434
794
787
74
345
725
494
594
339
301
893
16
344
181
962
711
598
865
720
867
984
311
959
798
22
95
479
227
518
322
881
204
861
506
728
719
622
737
830
66
662
530
706
474
191
909
796
575
332
417
850
815
536
967
10
8
874
656
514
850
589
931
602
361
520
789
176
903
957
7
994
629
236
751
683
977
935
313
686
66
819
109
297
699
805
550
331
978
59
847
597
424
39
355
278
884
688
547
512
453
242
353
977
83
94
120
16
547
940
159
920
972
15
453
288
178
546
828
17
668
689
607
348
227
127
519
573
744
185
441
474
33
794
360
274
163
883
790
927
30
823
787
847
708
329
583
768
373
867
845
291
490
939
517
800
270
828
213
862
336
267
186
937
954
269
955
194
140
821
771
506
480
438
254
241
471
641
683
297
801
265
622
935
33
114
791
371
801
927
358
726
764
749
103
935
237
829
242
412
663
884
38
797
776
95
723
925
651
553
658
200
569
920
111
969
29
976
507
66
54
381
521
692
365
398
912
936
933
558
574
776
853
259
893
136
506
46
106
631
483
903
56
970
808
233
401
584
576
309
95
948
249
917
683
231
502
562
781
364
679
121
887
364
649
36
576
737
86
205
957
127
960
521
241
910
365
617
171
320
603
747
69
843
845
883
254
997
587
55
626
380
514
687
280
787
403
158
125
529
142
132
611
579
988
237
818
38
740
536
393
500
593
840
18
304
40
355
342
324
368
292
657
898
944
89
837
748
722
613
486
244
132
256
576
172
790
145
301
236
273
794
289
906
555
376
834
825
523
485
267
963
461
669
177
864
255
239
716
844
568
883
871
752
225
354
177
975
568
106
41
648
585
81
531
715
236
956
204
301
471
108
330
83
131
200
628
783
76
797
470
624
597
642
374
651
423
279
445
64
408
508
398
328
265
753
699
675
601
811
342
739
806
590
829
509
323
403
890
486
190
82
631
896
756
697
826
100
941
938
259
886
437
277
161
144
809
883
983
540
543
876
975
223
693
935
322
216
948
427
831
162
601
237
536
277
130
189
907
907
830
518
739
881
232
136
223
922
808
541
138
747
859
109
578
122
290
132
151
72
413
442
100
627
848
649
409
7
33
38
510
871
856
965
887
346
474
109
503
851
387
342
687
348
468
64
860
557
748
764
201
833
400
270
179
852
565
606
685
996
355
639
344
359
621
710
478
556
858
285
119
127
893
232
377
190
880
714
498
106
469
857
921
386
907
269
680
734
297
222
598
136
156
807
800
154
946
647
202
129
251
825
813
855
834
527
880
348
917
516
126
773
597
980
591
238
520
466
890
124
561
591
1000
855
512
975
62
532
491
362
55
651
94
221
620
200
67
209
751
803
679
741
564
194
776
605
834
265
952
944
573
100
164
212
446
921
606
641
461
607
634
609
982
534
66
804
794
784
238
457
630
375
772
38
310
105
150
700
388
700
824
473
16
490
762
646
525
498
78
61
93
911
595
38
766
146
988
502
978
334
467
446
694
900
767
258
271
47
610
591
120
382
694
393
327
648
675
439
431
455
616
201
674
238
813
173
175
167
978
853
631
587
290
381
366
666
929
527
751
333
301
57
292
243
343
750
981
478
951
279
801
916
801
925
654
723
574
639
345
217
861
257
696
434
845
788
265
88
181
563
683
260
367
687
79
55
307
681
621
709
680
417
789
72
204
450
573
187
884
639
432
719
829
492
527
321
314
57
411
644
326
252
120
567
956
481
337
421
656
42
104
417
555
328
395
230
728
37
675
717
595
682
493
17
341
468
58
899
606
231
681
49
517
468
964
149
470
702
613
21
31
298
800
803
687
629
48
126
204
937
769
508
784
561
637
750
285
238
231
926
301
41
511
695
975
140
954
21
66
980
422
102
920
655
137
216
672
244
431
473
237
591
335
946
374
581
409
460
387
254
663
409
835
205
852
321
961
581
903
527
406
663
754
223
196
441
403
425
896
816
561
773
298
74
889
948
17
35
438
470
863
880
573
11
939
960
370
954
993
51
182
802
658
422
846
248
898
743
791
147
107
375
120
370
70
789
590
548
212
933
322
996
329
148
952
697
329
856
906
81
318
585
453
487
749
99
196
589
260
291
698
820
223
252
32
753
45
419
102
732
688
977
777
519
960
767
990
632
643
796
177
85
632
62
660
687
865
816
832
699
996
587
273
626
399
243
294
119
363
119
704
527
24
793
23
400
893
382
743
336
630
325
727
924
47
523
259
185
200
319
827
815
833
297
212
768
338
27
52
169
914
961
651
338
530
404
426
751
888
83
62
76
588
171
138
61
313
748
704
904
960
591
66
951
290
876
810
994
856
827
935
173
677
636
783
534
371
961
393
549
234
165
761
521
53
32
480
646
288
73
187
618
611
695
261
143
715
458
258
367
694
329
629
270
317
395
387
286
941
716
511
9
905
133
41
640
739
622
12
946
656
464
616
916
384
882
223
939
561
987
189
297
584
845
709
24
29
247
304
651
492
257
940
201
968
966
167
848
722
954
145
24
897
836
859
410
20
942
369
144
923
602
474
808
557
727
717
232
635
407
296
913
9
978
51
916
243
622
383
411
883
886
636
674
509
626
220
201
778
807
500
816
319
269
278
69
516
34
493
977
926
989
647
168
334
810
323
784
204
798
93
93
595
908
50
598
475
613
182
588
681
402
808
503
724
669
348
163
39
448
752
938
256
956
34
158
547
199
482
645
142
937
279
53
661
182
460
836
985
991
389
32
18
749
149
739
846
325
567
113
449
433
912
939
391
312
627
366
585
331
892
167
571
491
173
999
502
833
400
451
401
688
881
366
96
320
555
791
665
991
751
160
127
660
176
762
600
552
456
342
124
614
195
711
882
427
184
582
597
489
75
456
485
939
581
259
241
638
4
646
214
287
694
282
72
662
862
196
1000
357
21
299
702
402
209
451
255
984
68
53
171
70
808
994
860
107
29
926
46
132
436
257
607
576
470
971
718
756
978
348
153
540
149
947
96
970
61
743
812
685
353
152
133
830
749
772
737
755
368
91
877
234
18
37
326
105
976
258
995
205
52
195
909
243
108
577
946
749
588
743
27
596
8
268
262
644
827
741
878
965
577
198
621
740
661
601
752
384
736
988
646
632
214
391
501
380
962
402
635
798
968
274
381
832
370
831
653
552
955
23
822
910
964
876
686
405
787
760
945
823
943
339
786
689
524
325
889
341
189
141
411
532
622
942
273
317
313
965
398
545
482
96
352
678
889
645
254
799
349
761
678
613
760
605
717
968
549
421
355
929
536
860
764
703
347
512
173
793
676
387
525
607
901
223
211
340
762
885
782
410
89
785
721
863
866
213
995
169
194
699
351
563
130
52
55
621
714
518
30
80
931
555
193
7
800
131
79
273
269
40
750
993
65
688
369
980
258
3
738
513
780
579
589
721
839
982
386
639
707
133
932
583
106
69
122
835
67
947
787
731
862
88
667
179
410
993
228
305
292
746
193
407
376
936
386
638
883
266
733
875
612
291
11
50
964
318
289
794
342
370
791
666
494
248
318
320
350
135
245
997
987
925
548
360
373
405
264
250
694
716
316
194
164
52
601
583
417
383
860
243
728
111
886
798
603
942
264
597
475
952
992
168
571
757
996
151
318
939
789
393
24
419
228
432
935
219
643
898
205
185
383
479
734
566
184
940
348
9
600
370
250
432
195
261
277
465
50
236
990
614
668
249
310
81
311
872
976
210
345
829
818
882
226
287
492
753
323
565
93
166
947
782
785
700
521
692
392
805
103
421
731
682
93
39
280
607
280
979
709
173
91
90
665
521
260
722
199
487
949
632
147
718
708
609
849
268
607
727
557
840
244
773
23
880
338
973
816
945
102
370
68
354
591
284
504
938
808
155
829
814
424
651
744
525
569
368
141
524
342
619
310
966
321
786
319
984
601
446
64
166
620
44
893
719
296
161
106
905
823
557
84
693
805
10
279
208
249
661
800
477
401
993
890
181
255
797
123
615
99
482
792
808
428
861
568
817
50
128
186
530
333
46
601
921
57
545
796
614
501
786
179
748
26
476
280
616
601
649
316
295
415
430
4
456
999
269
916
903
1
3
571
908
126
669
400
320
528
357
724
528
361
585
856
814
58
583
506
306
365
608
735
752
91
916
796
584
61
278
338
302
756
32
623
21
690
451
595
164
664
891
858
634
653
546
903
504
222
851
186
214
66
526
8
477
471
31
473
640
221
695
205
29
787
140
916
883
402
677
344
862
984
250
597
727
739
160
401
738
653
223
327
507
48
258
625
527
800
783
901
382
843
593
503
658
92
445
153
943
965
437
54
884
294
771
430
175
516
517
211
523
687
680
374
79
45
326
273
585
565
793
124
467
174
44
717
440
100
14
343
735
98
415
836
948
160
842
671
633
672
165
983
194
885
128
505
327
995
834
413
259
91
238
221
286
716
96
983
669
826
872
222
775
474
926
208
447
629
980
441
1
184
207
431
910
320
527
183
175
102
634
108
645
388
50
418
51
859
999
470
303
284
262
927
712
906
212
49
129
195
145
910
638
71
660
843
394
108
279
950
345
151
741
105
129
241
362
447
135
751
682
27
829
138
154
918
727
790
976
804
30
21
315
776
825
392
49
851
928
191
861
477
889
69
995
161
441
558
203
157
654
425
483
73
384
613
1
152
181
791
176
938
653
410
308
4
475
500
267
446
596
366
708
860
955
742
981
624
966
964
445
375
308
180
126
740
124
652
753
504
517
780
63
639
401
520
850
810
96
543
676
248
778
572
344
172
817
76
189
261
292
648
2
15
467
198
945
261
836
321
109
440
408
24
473
774
253
341
900
896
2
210
455
16
890
418
774
256
148
309
434
339
24
451
270
438
505
429
368
616
816
470
32
942
158
628
364
91
700
906
219
936
776
740
208
423
381
969
107
775
541
581
517
952
834
218
830
67
390
712
638
422
976
635
503
680
346
216
609
674
922
770
193
313
981
166
813
63
974
775
450
510
291
738
142
600
767
391
389
239
523
150
794
72
222
200
534
433
734
875
35
648
221
721
901
102
123
821
529
728
160
155
33
907
411
405
81
21
801
850
980
323
817
740
900
130
67
802
424
763
409
344
712
133
698
756
440
303
862
83
341
916
940
728
600
877
912
292
588
266
648
13
406
78
43
247
517
973
498
989
267
941
186
446
494
445
191
298
495
334
474
383
570
603
819
196
38
840
327
761
64
33
810
174
939
261
411
328
437
678
99
127
715
114
257
785
810
554
445
665
158
758
563
452
723
255
50
378
264
27
481
641
976
239
888
107
262
489
410
913
656
169
415
555
982
731
89
679
702
788
554
794
5
275
23
822
593
100
125
489
354
25
520
286
14
858
135
903
670
351
891
824
604
606
573
998
105
216
576
350
117
782
632
205
409
953
250
577
615
640
522
674
934
576
186
894
516
993
263
66
512
766
411
657
621
26
146
216
454
893
435
361
445
689
751
224
121
713
603
357
465
420
693
789
808
625
336
68
123
207
496
861
891
594
811
907
685
235
277
920
488
152
860
309
311
629
117
452
82
70
119
602
919
44
310
435
842
617
721
631
702
105
880
906
607
498
60
340
391
952
43
922
767
879
415
758
614
398
503
485
501
112
470
63
948
442
759
239
102
46
10
686
507
158
835
17
356
51
340
623
175
197
74
547
207
125
192
429
816
415
927
884
173
737
179
544
73
386
883
387
234
252
63
933
596
788
962
305
175
98
379
200
797
934
422
288
592
32
200
642
486
932
586
395
50
141
80
907
971
255
971
407
100
469
456
232
493
692
99
517
139
370
45
415
63
964
677
712
332
1000
25
999
84
489
37
415
65
552
31
323
324
57
8
196
658
122
255
414
106
424
627
633
306
336
176
891
804
66
340
622
470
117
721
328
7
610
623
718
202
212
875
772
922
688
163
311
102
377
42
348
891
221
22
711
913
323
672
152
108
385
434
458
944
826
964
866
875
767
157
420
814
619
651
795
15
456
534
493
240
938
186
252
269
88
668
981
827
868
830
505
790
81
379
960
91
852
450
703
73
578
854
200
201
5
59
493
918
842
140
454
132
93
373
257
287
121
904
189
233
334
928
160
127
213
106
71
413
374
545
465
539
262
508
772
425
77
169
782
862
521
167
909
969
14
374
220
534
89
338
193
588
768
69
611
829
884
428
95
578
443
185
256
809
345
925
599
385
1000
384
888
96
623
457
854
213
305
74
791
311
262
396
808
814
12
260
258
271
635
654
107
685
663
21
847
298
613
604
869
137
633
652
104
240
255
256
106
976
798
745
719
40
493
130
899
744
63
755
284
970
81
462
608
767
108
826
111
852
315
666
712
464
12
928
786
887
268
202
77
654
602
570
424
932
541
275
727
817
681
637
784
310
807
14
430
555
497
138
715
526
619
36
669
701
90
886
609
458
266
572
810
814
402
417
805
899
658
555
544
29
256
661
135
522
509
325
899
486
615
161
57
632
315
873
413
802
719
879
63
302
883
775
264
325
3
866
305
726
412
234
437
125
912
334
628
911
384
881
237
958
990
917
453
29
769
250
718
665
884
154
207
47
291
92
839
744
133
479
225
477
767
928
421
47
868
256
341
332
772
509
222
841
810
643
580
656
127
88
680
699
193
312
669
209
970
673
166
946
488
329
287
168
416
656
790
630
52
708
265
921
50
491
93
239
102
440
159
330
771
332
185
651
609
21
897
38
728
778
134
13
27
772
447
675
354
147
702
547
959
485
681
68
769
938
711
494
149
174
896
782
21
385
628
672
435
975
661
621
960
269
174
362
528
471
958
907
715
397
33
507
760
985
785
648
50
401
961
447
168
626
671
947
89
785
887
641
551
112
802
240
171
357
793
133
377
672
687
211
842
472
466
704
666
547
563
498
224
747
414
945
229
887
976
507
284
143
538
736
900
69
235
968
741
591
353
824
621
728
674
49
622
568
838
504
533
37
921
143
722
271
232
604
430
14
604
677
467
313
328
254
221
898
199
528
940
105
103
169
266
872
949
901
66
312
736
404
730
683
57
775
220
66
325
812
320
924
586
248
754
834
891
684
34
26
757
387
195
108
466
277
819
243
590
439
132
319
336
216
242
166
88
480
27
643
758
994
569
546
381
874
468
601
724
29
881
470
549
119
609
628
567
13
96
159
45
938
812
1000
505
523
33
951
926
716
730
797
412
116
895
220
312
617
347
802
398
373
804
294
792
998
724
507
15
633
261
645
689
941
454
615
142
369
658
881
405
38
82
726
884
444
233
345
259
733
998
97
37
707
84
327
530
856
541
641
937
668
126
201
639
177
345
578
772
209
121
10
657
81
147
399
653
556
161
282
593
711
595
46
31
998
226
118
138
185
784
477
262
58
701
832
816
722
539
18
393
102
988
687
735
781
688
175
478
599
572
499
367
568
841
794
8
511
195
154
69
488
419
751
249
533
992
322
265
415
938
579
568
161
743
901
492
859
814
669
62
797
595
973
752
385
169
997
54
379
900
318
857
882
416
488
271
251
46
754
709
527
618
475
774
247
404
858
707
542
866
873
959
212
768
840
731
98
192
8
183
427
929
603
369
951
773
239
847
678
251
289
369
670
409
802
992
915
379
828
461
546
560
521
726
748
466
292
29
539
416
303
56
241
538
74
305
849
776
577
928
725
881
188
27
967
726
89
554
611
576
223
758
301
382
711
336
417
566
728
309
725
184
163
950
489
882
77
946
651
518
839
422
129
900
89
335
465
647
104
239
119
768
940
410
427
226
769
830
842
376
153
609
398
889
608
980
493
501
705
162
957
666
121
983
89
3
527
385
798
239
910
614
256
199
945
155
468
286
370
231
18
804
829
25
815
422
572
566
53
59
507
656
744
478
520
38
148
917
714
517
107
143
170
633
819
446
111
36
859
199
906
694
319
785
171
656
790
878
338
156
512
323
452
468
467
69
626
73
329
951
557
384
201
399
707
479
782
529
305
29
164
437
102
917
762
948
899
790
981
512
215
191
85
406
137
726
415
925
268
163
516
788
938
269
972
527
302
658
740
272
723
916
547
944
889
799
509
544
438
344
432
941
474
331
423
246
256
648
310
675
505
757
89
539
237
643
64
853
757
348
608
913
480
411
503
35
514
344
629
618
564
547
363
596
523
918
440
344
305
790
164
103
869
706
810
36
103
982
782
93
196
989
564
963
444
538
832
531
918
823
107
428
309
886
208
433
341
701
380
751
545
550
374
417
860
548
954
385
483
828
263
178
624
129
250
318
326
256
872
156
345
175
105
124
102
290
909
880
158
803
142
299
219
916
84
764
686
41
691
758
895
107
887
335
727
521
215
620
14
333
969
173
216
669
464
664
179
569
452
44
385
942
848
91
8
470
779
998
261
942
727
446
950
685
944
415
936
466
609
865
161
478
212
279
248
811
469
994
223
103
659
166
795
900
666
231
747
637
143
696
442
43
179
152
130
191
549
473
725
407
136
265
22
708
407
749
815
499
857
465
269
781
228
323
955
242
883
817
383
187
160
425
530
450
716
543
809
71
805
599
173
773
245
358
541
982
302
822
574
430
73
509
850
188
23
384
904
288
221
168
190
985
466
258
4
118
937
48
532
909
221
991
762
80
577
369
688
72
72
345
329
761
781
559
401
46
612
212
85
330
414
315
232
994
951
540
521
630
10
900
533
986
374
291
443
265
663
818
47
692
37
667
152
11
621
228
904
898
61
121
528
105
27
734
70
521
615
908
159
233
551
442
517
93
828
161
930
292
868
384
648
874
648
776
745
224
221
723
787
51
972
578
276
510
527
334
729
726
664
551
904
117
763
668
675
601
294
111
265
987
591
12
62
588
709
695
68
372
452
526
78
765
771
157
70
578
603
687
906
365
870
735
400
949
814
26
970
764
50
581
621
141
707
276
731
628
858
122
197
11
940
311
802
684
252
745
275
691
740
518
435
797
168
562
939
655
476
461
651
294
601
266
354
847
265
985
557
730
292
320
450
193
822
121
628
535
363
992
67
56
40
440
997
230
512
992
705
452
5
719
33
164
601
700
312
103
436
50
740
951
746
260
750
622
757
788
771
57
250
21
857
418
290
938
83
225
975
106
266
130
276
886
519
678
9
82
393
649
706
590
865
294
721
13
247
57
184
608
144
198
544
377
977
37
289
604
205
449
104
625
319
584
169
197
878
784
513
356
345
67
327
291
237
586
958
391
182
975
829
260
750
544
903
235
607
903
413
622
358
669
519
675
681
597
199
73
764
633
187
538
824
121
6
21
470
602
171
840
9
473
469
986
339
18
799
849
958
207
439
508
734
12
769
805
534
872
402
428
496
400
414
299
704
358
860
687
322
442
21
577
761
431
933
6
304
808
563
263
702
58
620
87
679
456
435
252
918
315
468
208
77
339
44
792
625
946
605
345
783
154
343
989
671
912
368
196
828
565
670
259
650
461
1000
738
912
591
478
460
473
564
128
198
472
103
813
730
804
776
6
564
413
616
627
268
35
827
745
7
289
835
283
563
689
525
989
870
980
614
846
843
432
776
781
63
134
303
7
719
89
799
574
30
926
658
742
305
334
836
615
644
906
749
40
303
955
942
182
665
973
578
323
805
867
656
384
649
772
326
378
830
266
625
507
416
31
435
914
833
602
509
123
481
638
963
96
706
270
705
434
59
489
901
636
5
178
739
584
528
382
395
305
436
610
370
895
480
512
61
957
817
44
731
263
740
334
846
414
57
819
72
177
979
838
110
804
875
840
924
100
802
518
882
217
286
699
743
158
437
575
477
747
95
901
360
388
410
135
916
299
902
82
794
995
826
512
843
741
383
393
257
359
142
817
875
249
838
462
401
747
562
426
582
948
272
574
135
970
423
118
532
197
504
14
578
443
214
894
103
109
53
689
959
378
95
774
989
164
832
486
534
88
53
112
607
996
859
988
833
606
75
202
831
728
541
476
811
117
954
216
755
422
233
380
713
901
624
766
429
513
125
577
716
780
142
607
742
321
666
209
674
280
699
290
915
980
67
917
528
980
288
778
283
395
607
665
193
777
912
326
306
54
769
560
998
41
452
150
11
824
444
317
983
869
586
676
294
47
713
301
631
928
374
405
783
549
964
283
848
601
405
669
197
415
338
334
252
402
612
829
397
611
775
521
90
902
163
689
567
819
142
294
360
616
26
158
219
66
214
754
933
591
113
463
961
9
508
185
765
657
114
423
221
963
215
525
496
573
411
595
368
23
750
686
13
526
693
303
925
885
657
875
793
728
158
858
803
200
885
333
88
57
425
483
765
567
685
153
273
993
540
744
551
513
625
80
914
288
698
514
352
62
497
459
392
133
568
758
584
717
90
743
126
757
346
674
151
994
112
210
724
704
911
973
627
811
748
817
635
254
723
339
71
364
608
335
100
707
330
343
390
320
78
179
482
509
623
357
463
427
324
604
291
436
209
254
456
893
448
160
464
318
544
916
25
131
553
582
720
13
684
848
338
714
726
509
58
616
808
431
126
635
187
713
712
117
868
590
184
233
105
723
125
987
17
925
29
372
850
31
775
406
674
586
649
714
658
264
895
120
369
417
532
204
997
3
425
128
740
169
429
94
107
151
748
701
312
811
519
120
486
2
36
423
943
220
950
664
324
437
267
253
50
794
915
15
126
899
231
817
19
762
723
63
49
53
88
409
399
236
557
31
689
300
307
411
780
290
850
93
331
546
28
133
482
590
475
967
909
898
195
255
418
371
200
845
193
182
998
383
783
800
79
245
939
459
456
416
424
987
742
641
20
936
207
708
41
213
759
960
789
940
810
242
586
132
533
301
168
862
144
296
491
994
397
479
236
232
700
311
604
175
875
216
298
334
850
954
961
544
283
118
705
29
397
573
783
459
123
743
927
675
976
540
306
421
949
384
621
336
131
186
342
670
662
413
712
657
119
322
696
269
408
272
737
95
767
541
806
448
537
464
947
387
951
797
251
249
302
148
935
446
505
978
1
760
247
177
785
66
631
433
524
470
468
680
995
117
128
696
155
524
198
539
687
130
1000
864
328
930
402
348
843
438
271
354
579
983
317
718
589
271
60
23
415
457
145
11
764
489
239
858
463
341
323
857
291
833
246
717
500
157
72
51
96
878
852
848
259
147
164
680
576
90
973
143
134
861
94
571
890
640
823
370
165
934
109
417
542
902
977
842
926
81
769
169
48
774
180
243
208
610
2
549
661
250
934
601
608
966
822
777
427
900
216
613
422
112
175
863
64
151
866
795
452
767
580
60
425
558
477
204
624
800
527
326
544
448
840
664
532
298
811
890
527
618
282
758
292
115
250
277
781
983
438
36
337
910
475
381
340
338
286
164
32
990
732
435
295
650
523
996
230
462
892
989
581
534
567
781
155
508
108
219
616
821
789
988
249
796
808
188
558
389
758
455
837
324
973
892
180
654
590
862
767
226
880
199
609
391
706
719
387
333
761
15
447
785
561
366
490
514
67
294
17
893
175
695
113
93
276
720
741
890
520
572
309
864
437
168
905
809
79
178
278
507
893
299
313
631
157
748
491
416
876
868
590
935
744
419
661
253
908
611
127
479
7
174
731
738
210
798
926
400
721
93
211
472
554
803
866
921
211
392
538
832
245
286
105
746
618
964
301
207
183
846
667
537
557
405
480
135
200
218
437
137
479
737
79
97
94
395
74
462
311
311
766
29
72
238
607
197
188
603
418
824
533
455
709
729
331
884
685
356
389
15
897
973
417
978
961
820
351
372
178
983
966
592
387
427
893
76
882
537
605
928
766
717
817
635
689
81
241
560
516
52
618
708
105
706
474
791
46
58
95
997
895
67
825
970
182
56
886
420
217
395
574
485
512
763
883
414
466
28
291
408
795
811
711
479
91
101
373
13
804
846
709
294
872
329
150
646
231
269
116
8
418
15
376
656
533
884
387
568
900
724
179
374
857
995
852
150
257
257
777
356
407
744
135
79
387
850
532
362
899
709
40
801
79
752
155
795
967
64
851
782
680
597
134
574
660
827
211
408
767
223
695
661
407
983
54
261
311
857
863
718
77
514
261
334
98
819
450
609
8
630
979
68
405
155
16
737
144
728
818
286
192
870
140
411
654
864
335
373
303
653
557
746
660
782
520
317
440
273
977
796
956
771
222
431
911
40
657
904
844
901
694
886
399
4
38
487
470
409
713
369
270
795
15
732
286
284
957
491
159
263
660
923
513
316
587
782
850
334
460
372
748
173
220
362
693
741
383
178
75
261
734
657
69
531
350
285
320
424
604
729
661
524
916
566
332
758
706
101
524
119
240
893
409
80
769
145
209
119
646
440
255
830
942
395
461
474
353
661
92
452
143
387
221
115
183
688
815
526
143
858
955
274
320
118
304
201
578
417
556
968
431
405
289
696
316
30
318
538
716
330
380
925
899
910
751
418
706
277
160
513
966
673
224
540
875
295
445
750
876
847
702
31
380
138
118
258
961
84
70
114
497
801
145
421
98
680
814
377
567
230
658
847
551
232
43
820
529
212
238
407
262
558
124
329
337
648
773
629
45
200
419
505
845
695
518
497
366
122
895
994
971
482
246
918
652
454
587
734
198
397
598
411
324
365
191
778
748
145
42
794
985
426
285
603
967
59
35
906
476
57
913
70
770
395
296
650
714
905
572
430
184
565
303
892
522
244
815
62
321
549
397
999
892
759
12
824
347
945
120
53
356
301
991
198
256
388
671
28
432
461
586
634
521
309
609
462
313
65
334
747
936
252
165
410
252
936
825
282
218
227
823
713
333
521
469
10
185
825
20
870
570
226
666
960
570
51
107
47
522
567
657
651
796
120
952
5
870
470
532
226
279
674
808
989
638
335
174
664
62
144
323
854
20
696
130
462
862
237
837
980
974
586
659
461
842
761
315
729
56
941
477
720
668
270
579
524
159
666
937
594
673
245
694
791
119
174
650
442
195
782
645
331
366
533
816
603
403
24
684
889
64
541
748
567
178
786
976
966
435
345
355
497
869
119
424
148
211
433
589
505
976
769
796
501
396
121
102
358
106
766
537
807
780
857
624
500
731
602
905
676
913
962
812
580
595
738
283
824
460
636
574
866
820
393
831
54
134
343
128
231
37
855
822
717
661
915
288
604
93
777
321
692
448
970
744
51
175
183
65
175
912
495
329
901
390
156
682
805
655
700
534
571
141
432
629
914
924
470
775
1
848
371
470
941
51
36
157
865
843
33
386
288
813
692
751
960
493
320
29
158
910
677
632
435
885
419
113
157
984
545
177
779
615
16
370
701
893
644
390
715
525
992
735
505
170
539
242
416
428
593
910
692
853
470
294
711
163
278
669
315
140
220
99
175
519
738
545
312
556
951
135
273
871
781
767
196
561
895
285
975
576
84
583
998
816
969
99
483
453
19
351
266
520
675
361
1
909
27
14
137
532
882
704
689
540
264
854
786
206
333
276
228
248
496
637
767
139
977
718
650
224
459
549
50
260
479
954
330
332
159
526
778
974
491
542
328
727
838
883
28
274
552
602
462
778
572
351
124
41
696
564
793
597
731
908
265
953
127
242
424
745
768
41
532
699
556
996
769
950
63
303
529
447
42
969
708
870
791
302
219
749
446
674
297
244
44
504
719
329
835
420
915
996
667
472
109
439
438
333
42
82
548
423
522
740
3
982
56
188
317
232
60
874
652
858
714
556
689
266
326
197
576
212
233
530
916
664
590
339
178
4
127
628
82
957
890
555
505
977
200
207
190
151
604
34
62
89
384
40
300
647
260
634
372
829
294
372
151
633
638
711
856
161
692
264
20
829
445
2
907
93
255
303
779
703
90
734
234
140
305
984
363
549
349
422
834
176
421
337
145
53
965
34
185
426
92
615
919
214
448
458
519
608
803
99
472
771
627
488
255
483
246
358
973
496
730
739
951
299
534
506
640
984
40
202
372
902
605
288
416
838
385
384
520
516
205
62
628
344
32
201
724
425
120
977
845
53
745
92
131
93
573
940
408
867
49
33
214
448
932
156
365
526
990
385
120
353
152
343
768
621
918
786
976
501
600
905
570
506
90
513
492
258
183
655
582
752
113
10
456
189
936
887
223
3
522
525
977
281
476
876
25
374
27
49
564
117
987
111
126
778
218
991
399
500
644
840
220
787
745
289
389
283
635
730
680
934
287
892
862
414
200
721
837
560
821
809
982
441
330
379
636
604
982
164
256
986
50
324
128
952
563
947
705
942
449
544
543
232
416
408
573
399
848
659
900
180
315
276
645
543
791
465
378
957
543
256
546
47
744
301
935
43
252
485
598
693
689
81
875
596
884
897
100
241
999
37
354
387
169
678
116
788
265
503
42
716
511
267
122
136
991
295
410
913
779
576
120
900
302
522
370
315
787
394
44
388
91
862
238
849
18
135
583
479
251
660
238
592
352
409
745
27
918
382
34
950
848
69
777
527
865
251
996
316
870
711
273
56
479
145
183
360
67
787
587
745
964
51
258
300
29
797
875
272
685
657
823
816
621
237
389
154
825
896
872
459
295
250
849
810
742
498
357
698
921
167
1
685
707
886
84
981
911
387
711
906
925
961
399
433
669
282
189
247
997
607
404
84
669
67
182
392
234
979
666
738
677
830
254
761
491
886
644
876
914
162
482
399
419
840
309
218
196
81
173
673
302
586
670
813
320
184
452
799
894
181
192
808
255
228
812
436
898
933
324
250
906
574
984
859
25
774
600
566
490
191
707
465
764
876
53
596
816
153
271
617
298
586
899
306
992
835
905
68
203
985
723
561
351
231
374
490
865
642
635
589
643
98
378
842
753
386
124
7
747
872
601
594
969
152
572
553
473
526
501
51
742
225
668
887
217
833
208
293
751
443
172
97
507
720
96
471
473
176
777
794
741
645
913
472
930
160
17
909
623
197
539
207
528
475
465
595
115
366
730
23
868
265
676
839
911
154
445
988
713
993
611
676
745
495
610
67
508
311
506
130
39
648
403
427
121
849
416
269
706
535
414
388
700
507
899
983
119
682
290
762
834
47
566
392
547
732
687
596
394
67
473
982
580
705
649
563
745
661
571
876
349
456
755
509
220
344
695
855
544
17
626
914
16
46
806
997
548
762
644
259
944
249
460
95
204
594
985
569
659
586
739
196
997
593
304
620
309
454
95
920
708
809
680
579
749
479
851
411
793
154
658
63
739
881
317
81
50
574
497
893
770
59
749
490
351
945
963
24
446
979
626
23
457
391
266
428
577
148
965
217
237
950
992
907
388
281
642
888
785
806
129
119
505
944
955
424
254
490
525
297
634
752
884
871
420
783
387
432
90
948
784
707
277
232
664
908
584
413
483
416
181
481
405
859
930
427
999
241
347
865
459
741
583
763
353
768
723
944
87
878
169
904
205
185
521
931
357
979
409
474
281
371
955
199
413
892
114
188
817
189
965
313
957
89
139
880
480
604
949
269
552
637
477
446
517
506
815
895
591
662
893
745
67
380
860
591
28
560
751
796
896
186
282
866
218
460
963
819
993
83
350
345
466
679
206
948
786
883
517
200
132
202
815
680
909
352
16
196
392
405
27
373
787
748
721
785
992
559
469
361
474
217
313
946
610
843
66
508
487
929
22
715
660
881
763
257
607
83
499
589
639
63
736
500
864
161
593
248
367
138
994
826
178
57
66
289
718
847
528
979
391
959
535
914
684
594
435
568
641
123
182
755
877
405
653
372
326
904
2
291
813
694
237
790
108
675
642
534
576
564
322
251
695
532
95
939
704
679
200
663
366
881
814
715
409
931
148
210
465
318
994
993
468
425
937
55
333
408
94
534
377
530
177
786
409
255
854
916
631
997
900
651
459
988
364
402
219
407
53
911
167
536
954
916
680
436
802
868
562
335
953
834
322
714
811
397
988
829
594
517
448
259
906
38
614
907
604
789
690
759
787
963
676
650
257
795
797
190
694
394
961
17
941
926
476
536
180
284
216
342
508
772
129
607
423
325
489
793
947
263
590
217
717
596
600
137
168
472
207
215
53
431
230
481
935
749
864
132
968
312
340
827
221
135
798
442
51
852
906
603
535
250
293
703
778
194
172
529
992
91
626
56
585
385
920
455
175
437
831
870
332
545
454
49
65
797
149
505
583
892
289
459
574
93
263
473
346
948
755
339
469
530
644
480
186
485
7
855
730
324
638
118
891
30
133
559
604
247
112
202
66
999
367
253
922
179
773
10
347
768
606
231
431
95
506
929
130
255
710
518
206
191
319
260
975
827
315
992
408
89
762
188
104
598
121
514
925
311
893
166
635
434
879
446
692
452
160
227
491
233
566
189
712
770
782
964
114
290
438
612
77
105
490
193
414
832
973
512
506
337
709
552
603
10
890
472
205
824
544
530
831
941
748
755
68
496
162
693
782
605
821
112
516
563
415
102
634
658
240
623
500
26
802
180
54
496
621
967
460
422
124
534
127
107
640
733
271
502
422
481
391
564
298
660
460
789
50
284
377
190
828
937
241
193
981
355
320
737
480
935
131
137
688
927
952
130
655
1
201
879
207
941
534
605
105
199
248
976
217
171
534
294
174
120
400
74
255
817
629
582
310
146
975
476
384
91
908
803
306
789
591
166
946
536
477
89
8
993
844
244
211
87
836
432
450
521
71
955
60
132
721
288
650
807
986
756
10
63
303
283
532
908
231
112
205
96
904
835
692
427
119
962
218
330
651
759
1
536
108
45
743
332
721
180
240
490
790
536
552
731
84
309
262
242
436
670
290
580
909
899
394
52
368
303
975
493
50
466
49
219
712
603
281
811
254
558
782
303
296
309
979
293
16
671
244
477
753
249
98
99
239
612
783
886
89
64
690
55
104
375
634
138
268
315
267
463
813
850
947
309
595
439
280
961
117
934
111
91
926
218
220
179
789
856
99
958
3
724
205
198
443
784
812
487
433
918
129
72
377
25
639
204
110
350
752
911
333
403
704
587
109
652
295
275
341
600
533
110
335
763
410
895
62
560
102
450
471
79
615
960
282
249
495
237
996
967
546
493
470
345
642
979
323
338
610
546
562
680
861
42
332
221
910
235
377
488
180
806
841
517
517
873
337
787
652
383
787
399
450
681
380
459
147
528
173
24
955
860
244
834
332
612
41
512
940
4
529
860
829
793
33
381
648
123
192
169
752
769
299
883
934
779
383
595
110
727
807
918
724
72
799
981
795
380
332
491
527
510
941
326
132
217
656
879
71
983
955
588
201
341
774
968
438
371
955
722
418
534
130
442
269
534
2
757
90
411
173
763
908
669
123
983
919
811
776
146
577
324
63
565
677
793
287
957
914
534
655
153
519
862
263
231
499
860
981
293
675
320
154
250
196
328
728
722
465
850
498
380
409
513
400
851
891
734
389
594
611
282
306
7
250
310
258
385
739
951
466
249
514
568
262
2
291
847
857
824
433
6
811
210
245
546
663
587
594
117
8
2
124
277
427
938
902
151
57
971
826
251
275
98
212
15
905
262
49
927
615
804
75
460
665
325
420
448
980
711
839
907
600
872
672
780
912
94
547
565
709
770
463
273
65
657
393
714
188
780
693
690
920
504
674
265
317
351
410
910
781
612
482
5
548
900
651
855
961
348
603
129
823
282
827
360
318
867
340
958
432
372
485
7
551
440
241
952
914
975
552
180
914
42
952
422
809
481
413
826
263
759
663
547
290
977
413
701
590
829
875
581
957
741
630
79
461
396
464
394
327
323
26
208
14
272
249
703
817
639
314
979
423
294
557
636
238
792
144
602
999
83
495
505
98
534
454
265
329
267
902
915
244
583
84
33
120
495
211
596
631
222
998
513
645
803
684
566
246
887
718
1
972
143
754
536
485
658
809
158
368
157
431
650
502
884
524
432
545
489
17
977
332
339
942
750
663
229
573
341
807
640
213
231
238
277
896
413
566
845
741
921
376
721
942
156
677
421
417
802
993
522
949
23
677
45
243
587
920
87
712
535
38
906
942
42
67
540
743
109
379
460
408
860
47
761
285
271
919
829
90
310
926
507
401
637
993
286
659
197
998
178
614
279
644
511
550
864
769
56
826
372
580
574
241
255
526
71
468
226
39
814
348
278
185
412
134
114
333
80
898
987
304
561
142
494
128
5
371
325
433
553
766
528
717
267
361
441
210
530
102
5
847
23
953
832
857
917
792
72
869
964
160
801
992
773
78
379
253
665
29
16
922
139
913
528
749
197
245
135
809
448
95
955
739
173
353
784
391
320
652
621
545
672
927
374
153
297
946
144
755
742
289
510
116
340
228
246
829
415
637
13
649
161
604
646
532
427
659
784
970
695
639
784
976
83
1000
34
237
282
81
997
306
968
165
629
402
381
415
25
322
425
720
546
227
877
224
982
554
20
872
702
125
300
583
174
596
406
791
659
740
515
953
379
724
300
264
956
425
715
306
476
82
497
522
71
21
766
441
561
977
134
359
278
608
231
727
914
59
616
866
882
133
639
736
446
433
926
395
606
72
811
495
526
976
235
589
127
538
309
324
286
409
25
584
8
505
334
487
809
889
146
730
540
41
623
131
813
179
514
422
242
720
180
222
719
657
386
896
29
628
893
472
225
724
399
83
287
609
358
461
774
377
823
868
